/output/policy: shape=(10, 1858) dtype=float32
[[-0.58300257 -0.6238141  -0.48189265 ... -1.6410142  -2.1276278
  -2.412404  ]
 [-1.1453757  -1.2064395  -1.3483224  ... -1.4103675  -2.0304012
  -2.4323854 ]
 [-1.2599825  -0.7377051  -0.6764702  ... -2.2989383  -2.425527
  -2.52112   ]
 ...
 [-1.4786327  -1.0550815  -0.98967314 ...  0.90086496 -1.8959757
  -2.5768075 ]
 [-2.0669522  -0.46324056 -0.61880195 ... -2.4744818  -2.8586423
  -2.807167  ]
 [ 0.9943459   0.57189715  0.2475729  ... -0.95034313 -1.4532709
  -1.6650743 ]]
/output/wdl: shape=(10, 3) dtype=float32
[[1.90544620e-01 6.43800855e-01 1.65654480e-01]
 [1.67917773e-01 6.49427056e-01 1.82655171e-01]
 [5.96180651e-03 1.92110147e-02 9.74827170e-01]
 [6.28680800e-06 9.99968886e-01 2.47525913e-05]
 [9.99940872e-01 5.10831815e-05 8.03374951e-06]
 [1.07975538e-05 9.34800264e-05 9.99895692e-01]
 [1.59782961e-01 6.49442673e-01 1.90774322e-01]
 [6.55509552e-07 3.06394359e-05 9.99968648e-01]
 [8.72613668e-01 1.09426476e-01 1.79599356e-02]
 [9.99114096e-01 4.56885580e-04 4.28962841e-04]]
/output/mlh: shape=(10, 1) dtype=float32
[[198.6052   ]
 [196.6869   ]
 [105.3359   ]
 [  5.7478876]
 [ 17.26991  ]
 [ 40.385662 ]
 [198.25337  ]
 [  1.9793087]
 [112.19734  ]
 [ 35.576466 ]]
